# rho (g/cm^3)  P (dynes/cm^2)  n_B (cm^-3) Z A
1.044E+04 9.810E+19 6.295E+27 26 56
2.622E+04 3.349E+20 1.581E+28 26 56
6.587E+04 1.144E+21 3.972E+28 26 56
1.654E+05 3.905E+21 9.976E+28 26 56
4.156E+05 1.334E+22 2.506E+29 26 56
1.044E+06 4.553E+22 6.294E+29 26 56
2.622E+06 1.555E+23 1.581E+30 26 56
6.588E+06 5.309E+23 3.972E+30 26 56
8.293E+06 7.216E+23 5.000E+30 26 56
1.655E+07 1.743E+24 9.976E+30 28 62
3.301E+07 4.377E+24 1.990E+31 28 62
6.590E+07 1.100E+25 3.972E+31 28 62
1.315E+08 2.763E+25 7.924E+31 28 62
2.624E+08 6.939E+25 1.581E+32 28 62
3.303E+08 9.431E+25 1.990E+32 28 62
5.238E+08 1.671E+26 3.155E+32 28 64
8.302E+08 3.088E+26 5.000E+32 28 64
1.045E+09 4.197E+26 6.294E+32 28 64
1.316E+09 5.279E+26 7.924E+32 34 82
1.657E+09 7.177E+26 9.976E+32 34 82
2.626E+09 1.326E+27 1.581E+33 34 82
4.164E+09 2.373E+27 2.506E+33 34 84
6.602E+09 4.386E+27 3.972E+33 34 84
8.313E+09 5.961E+27 5.000E+33 34 84
1.047E+10 7.732E+27 6.294E+33 32 82
1.318E+10 1.051E+28 7.924E+33 32 82
1.660E+10 1.429E+28 9.976E+33 32 82
2.090E+10 1.943E+28 1.256E+34 32 82
2.631E+10 2.509E+28 1.581E+34 30 80
3.313E+10 3.409E+28 1.990E+34 30 80
4.173E+10 4.636E+28 2.506E+34 30 80
5.255E+10 6.303E+28 3.155E+34 30 80
6.618E+10 8.100E+28 3.972E+34 28 78
8.334E+10 1.101E+29 5.000E+34 28 78
1.049E+11 1.496E+29 6.294E+34 28 78
1.322E+11 2.034E+29 7.924E+34 28 78
1.665E+11 2.524E+29 9.976E+34 42 124
1.844E+11 2.893E+29 1.105E+35 42 124
2.097E+11 3.292E+29 1.256E+35 40 122
2.640E+11 4.280E+29 1.581E+35 38 120
3.325E+11 5.817E+29 1.990E+35 38 120
4.189E+11 7.541E+29 2.506E+35 36 118
4.299E+11 7.807E+29 2.572E+35 36 118
